260.416000   -10.015385   -250.250000 
260.602608   -10.015385   -250.250000 
260.790002   -10.015385   -250.250000 
260.997439   -10.015385   -250.250000 
261.223502   -10.015385   -250.250000 
261.474257   -10.015385   -250.250000 
261.730940   -9.752090   -250.250000 
261.976660   -9.395226   -250.250000 
262.224873   -8.990091   -250.250000 
262.474023   -8.582619   -250.250000 
262.814116   -8.135757   -250.250000 
263.153652   -7.593817   -250.250000 
263.505088   -7.008998   -250.250000 
263.890708   -6.382636   -250.250000 
264.278727   -5.752729   -250.250000 
264.661425   -5.132406   -250.250000 
265.071834   -4.572867   -250.250000 
265.522888   -4.171620   -250.250000 
266.026525   -3.562419   -250.250000 
266.533571   -2.950127   -250.250000 
266.976209   -2.169267   -250.250000 
267.420994   -1.331158   -250.250000 
267.868367   -0.546579   -250.250000 
268.373018   0.104098   -250.250000 
268.950397   0.441315   -250.250000 
269.583650   0.854833   -250.250000 
270.220091   1.269248   -250.250000 
270.834919   1.924490   -250.250000 
271.404140   2.684241   -250.250000 
271.986766   3.444517   -250.250000 
272.583479   4.197389   -250.250000 
273.279008   4.615615   -250.250000 
274.045180   4.924019   -250.250000 
274.805916   5.444695   -250.250000 
275.447453   6.221250   -250.250000 
276.069358   7.008874   -250.250000 
276.815224   7.666511   -250.250000 
277.593866   8.324800   -250.250000 
278.313735   9.045679   -250.250000 
279.035867   9.768262   -250.250000 
279.769727   10.442511   -250.250000 
280.595039   10.865943   -250.250000 
281.459935   11.337117   -250.250000 
282.326798   11.807648   -250.250000 
283.173505   12.656646   -250.250000 
283.984762   13.691128   -250.250000 
284.806301   14.656116   -250.250000 
285.680326   15.358757   -250.250000 
286.588226   15.791007   -250.250000 
287.544628   16.342602   -250.250000 
288.468111   17.103121   -250.250000 
289.390233   17.969379   -250.250000 
290.332067   18.850262   -250.250000 
291.299581   19.690877   -250.250000 
292.237241   20.472738   -250.250000 
293.178014   21.253731   -250.250000 
294.198020   21.656749   -250.250000 
295.249504   21.966994   -250.250000 
296.198664   22.839185   -250.250000 
297.207073   23.613229   -250.250000 
298.218880   24.385519   -250.250000 
299.268854   25.032043   -250.250000 
300.273112   25.696228   -250.250000 
301.272223   26.346747   -250.250000 
302.354256   26.792676   -250.250000 
303.494086   27.064801   -250.250000 
304.635853   27.332918   -250.250000 
305.829962   27.832241   -250.250000 
307.004426   28.508866   -250.250000 
308.184971   29.152134   -250.250000 
309.364043   29.626973   -250.250000 
310.556897   29.899131   -250.250000 
311.791629   30.060766   -250.250000 
313.027861   30.218092   -250.250000 
314.228378   30.443082   -250.250000 
315.473948   30.731455   -250.250000 
316.707835   30.920959   -250.250000 
317.961349   31.395767   -250.250000 
319.217007   31.866810   -250.250000 
320.435488   32.380008   -250.250000 
321.607453   32.833907   -250.250000 
322.813345   33.222445   -250.250000 
324.036954   33.490727   -250.250000 
325.261412   33.715920   -250.250000 
326.451760   34.031810   -250.250000 
327.643483   34.343939   -250.250000 
328.852248   34.729574   -250.250000 
330.078147   35.088834   -250.250000 
331.267243   35.456000   -250.250000 
332.467572   35.750479   -250.250000 
333.722913   35.621342   -250.250000 
334.935948   35.731350   -250.250000 
336.079685   36.166124   -250.250000 
337.224768   36.597678   -250.250000 
338.413562   37.011972   -250.250000 
339.542056   37.289372   -250.250000 
340.732195   37.381072   -250.250000 
341.858764   37.256573   -250.250000 
342.986263   37.131947   -250.250000 
344.121679   37.256813   -250.250000 
345.295237   37.375561   -250.250000 
346.466422   37.535210   -250.250000 
347.638336   37.691717   -250.250000 
348.797147   37.815646   -250.250000 
349.920820   37.685718   -250.250000 
351.020158   37.544713   -250.250000 
352.158111   37.667541   -250.250000 
353.305065   37.817173   -250.250000 
354.394157   37.678472   -250.250000 
355.482291   37.540285   -250.250000 
356.571046   37.402865   -250.250000 
357.718203   37.269310   -250.250000 
358.797842   37.134726   -250.250000 
359.931807   37.190978   -250.250000 
361.066172   37.245365   -250.250000 
362.230496   37.326814   -250.250000 
363.316789   37.192924   -250.250000 
364.408017   37.058901   -250.250000 
365.490859   36.926726   -250.250000 
366.590689   36.793297   -250.250000 
367.682142   36.661706   -250.250000 
368.784597   36.529608   -250.250000 
369.887619   36.398264   -250.250000 
370.997025   36.470243   -250.250000 
372.074145   36.343183   -250.250000 
373.142762   36.217583   -250.250000 
374.231305   36.090414   -250.250000 
375.324875   35.963442   -250.250000 
376.420370   36.064982   -250.250000 
377.516146   36.165103   -250.250000 
378.611417   36.272689   -250.250000 
379.669588   36.382859   -250.250000 
380.693824   36.555506   -250.250000 
381.741969   36.701851   -250.250000 
382.790417   36.846438   -250.250000 
383.789427   36.971375   -250.250000 
384.781494   37.175824   -250.250000 
385.782792   37.434183   -250.250000 
386.710092   37.591803   -250.250000 
387.637506   37.747767   -250.250000 
388.552284   37.911054   -250.250000 
389.460254   38.153996   -250.250000 
390.378579   38.445332   -250.250000 
391.297237   38.734988   -250.250000 
392.197511   39.070754   -250.250000 
393.061961   39.387217   -250.250000 
393.928908   39.674300   -250.250000 
394.779455   39.994585   -250.250000 
395.671110   40.331987   -250.250000 
396.560081   40.613236   -250.250000 
397.321337   40.835246   -250.250000 
398.202833   41.110615   -250.250000 
399.114067   41.479404   -250.250000 
399.913626   41.758352   -250.250000 
400.663923   42.016133   -250.250000 
401.409790   42.288218   -250.250000 
402.154935   42.582479   -250.250000 
402.834706   42.854310   -250.250000 
403.514570   43.125122   -250.250000 
404.178418   43.389646   -250.250000 
404.871492   43.619566   -250.250000 
405.473816   43.834392   -250.250000 
406.097090   44.018384   -250.250000 
406.720537   44.201703   -250.250000 
407.400577   44.431699   -250.250000 
408.070391   44.748427   -250.250000 
408.766279   45.088132   -250.250000 
409.398537   45.363922   -250.250000 
410.030934   45.638937   -250.250000 
410.658068   45.948748   -250.250000 
411.323701   46.265528   -250.250000 
411.934908   46.570676   -250.250000 
412.528829   46.811826   -250.693236 
413.146555   47.065551   -251.136020 
413.714983   46.990449   -251.593452 
414.284347   46.915447   -252.050945 
414.898009   46.835518   -252.559226 
415.595454   47.088314   -252.984637 
416.288296   47.630011   -252.985062 
416.844426   48.109999   -253.419081 
417.408644   48.533421   -253.883265 
417.940404   48.779726   -254.360910 
418.438667   48.718182   -254.866506 
418.885847   48.664798   -255.422310 
419.424075   48.598865   -255.952199 
420.038953   48.738035   -256.466295 
420.679469   48.866453   -256.982785 
421.249770   48.798926   -257.537713 
421.821802   48.731676   -258.092739 
422.435273   48.878280   -258.613870 
423.115859   49.116438   -259.070250 
423.655463   49.341396   -259.611014 
424.054349   49.302605   -260.211486 
424.523887   49.472073   -260.800992 
425.021423   49.748406   -261.360933 
425.470210   50.021533   -261.957682 
425.838008   50.238020   -262.610246 
426.297741   50.518227   -263.215322 
426.780016   50.857422   -263.773312 
427.203535   51.088107   -264.397689 
427.562713   51.088462   -265.064771 
428.024935   51.339150   -265.662082 
428.462342   51.528484   -266.281121 
428.902170   51.717146   -266.900320 
429.256262   51.717436   -267.584072 
429.664921   51.717437   -268.281072 
430.173850   51.974536   -268.910379 
430.735799   52.281559   -269.515256 
431.239064   52.530476   -270.190869 
431.790503   52.717715   -270.879361 
432.450321   52.941842   -271.489038 
433.029781   53.166523   -272.096527 
433.611610   53.390586   -272.704114 
434.081212   53.390930   -273.402193 
434.580690   53.601630   -274.058507 
435.205100   54.017803   -274.624599 
435.712639   54.018442   -275.312332 
436.223382   54.018443   -276.000329 
436.825167   54.317196   -276.614419 
437.434903   54.835955   -277.161370 
437.986972   55.322225   -277.759386 
438.508679   55.768351   -278.383650 
439.083152   56.161231   -278.941989 
439.595839   56.483512   -279.543315 
440.111007   56.804926   -280.144823 
440.522240   57.046909   -280.773598 
440.973004   57.349598   -281.345046 
441.469022   57.686210   -281.929072 
441.923926   58.018735   -282.571997 
442.414966   58.443845   -283.163768 
442.897099   58.986562   -283.677463 
443.344770   59.483651   -284.222382 
443.746482   59.926512   -284.783856 
444.146988   60.353376   -285.334354 
444.477601   60.627195   -285.876322 
444.744651   60.627616   -286.513707 
445.014286   60.627616   -287.151437 
445.445553   61.023045   -287.736131 
445.814492   61.720344   -288.260629 
446.162697   62.513000   -288.751407 
446.499818   63.218374   -289.256473 
446.806150   63.696311   -289.754582 
447.105367   64.049414   -290.248649 
447.359474   64.295100   -290.753670 
447.444029   64.578358   -291.275538 
447.530272   64.856573   -291.790124 
447.628597   65.242271   -292.267650 
447.887954   65.546761   -292.746981 
448.148928   65.850491   -293.226528 
448.245175   66.163722   -293.683911 
448.338309   66.467958   -294.107898 
448.431915   66.782129   -294.509609 
448.494082   66.782612   -294.917816 
448.559451   66.782613   -295.334815 
448.645526   67.064121   -295.335231 
448.741266   67.436506   -295.335232 
448.834345   67.817281   -295.335232 
448.740056   68.249903   -295.335232 
448.610690   68.619040   -295.335232 
448.440848   68.992427   -295.335232 
448.264062   69.406546   -295.335232 
448.047190   69.813627   -295.335232 
447.822696   70.216492   -295.335232 
447.598453   70.619440   -295.335232 
447.368501   70.984241   -295.335232 
447.105739   71.313540   -295.335232 
446.828833   71.611202   -295.335232 
446.530417   71.924862   -295.335232 
446.205818   72.009819   -295.335232 
445.914876   72.090801   -295.335232 
445.565989   72.178754   -295.335232 
445.139030   72.277166   -295.335232 
444.746668   72.641167   -295.335232 
444.354587   73.006031   -295.335232 
443.919992   73.109362   -295.335232 
443.504201   73.210460   -295.335232 
443.116477   73.305965   -295.335232 
442.716339   73.405681   -295.335232 
442.297487   73.508586   -295.335232 
441.910575   73.604724   -295.335232 
441.523625   73.700877   -295.335232 
441.130407   73.801182   -295.335232 
440.726592   73.902534   -295.335232 
440.287565   74.009319   -295.335232 
439.844407   74.116284   -295.335232 
439.412175   74.220509   -295.335232 
438.970517   74.327372   -295.335232 
438.525182   74.434623   -295.335232 
438.102659   74.536717   -295.335232 
437.641488   74.449153   -295.335232 
437.199041   74.336518   -295.335232 
436.761934   74.437358   -295.335232 
436.310677   74.541034   -295.335232 
435.846062   74.647595   -295.335232 
435.371679   74.755780   -295.335232 
434.847034   74.670175   -295.335232 
434.343341   74.555326   -295.335232 
433.842581   74.392911   -295.335232 
433.341847   74.230995   -295.335232 
432.811585   74.083452   -295.335232 
432.304955   73.934184   -295.335232 
431.785054   73.782343   -295.335232 
431.277105   73.598146   -295.335232 
430.765623   73.401245   -295.335232 
430.203711   73.247533   -295.335232 
429.637732   73.051318   -295.335232 
429.071765   72.855636   -295.335232 
428.554937   72.633671   -295.335232 
428.005535   72.375681   -295.335232 
427.462407   72.087785   -295.335232 
426.919376   71.800299   -295.335232 
426.368608   71.541278   -295.335232 
425.800274   71.281271   -295.335232 
425.243176   70.981538   -295.335232 
424.673416   70.654130   -295.335232 
424.140818   70.266809   -295.335232 
423.564002   69.846164   -295.335232 
422.994738   69.462123   -295.335232 
422.444401   69.096681   -295.335232 
421.879576   68.703189   -295.335232 
421.316492   68.256701   -295.335232 
420.734751   67.731995   -295.335232 
420.173245   67.168677   -295.335232 
419.612288   66.605357   -295.335232 
419.066712   66.064903   -295.335232 
418.503614   65.491928   -295.335232 
417.962313   65.020570   -295.335232 
417.386367   64.554430   -295.335232 
416.810715   64.088452   -295.335232 
416.257400   63.569703   -295.335232 
415.705495   63.036201   -295.335232 
415.196365   62.542352   -295.335232 
414.661592   62.057218   -295.335232 
414.124361   61.583339   -295.335232 
413.599670   61.078207   -295.335232 
413.019630   60.542740   -295.335232 
412.439987   60.007114   -295.335232 
411.914648   59.449186   -295.335232 
411.365393   58.919052   -295.335232 
410.838899   58.375845   -295.335232 
410.291455   57.762823   -295.335232 
409.736571   57.156247   -295.335232 
409.231372   56.651273   -295.335232 
408.700818   56.176399   -295.335232 
408.193154   55.651676   -295.335232 
407.674993   55.082564   -295.335232 
407.120531   54.546913   -295.335232 
406.632306   54.007926   -295.335232 
406.144762   53.468745   -295.335232 
405.623107   52.941785   -295.335232 
405.092388   52.478352   -295.335232 
404.598284   51.990806   -295.335232 
404.087888   51.489638   -295.335232 
403.568170   50.973391   -295.335232 
403.062627   50.647097   -295.335232 
402.557327   50.321169   -295.335232 
402.075773   49.959815   -295.335232 
401.577226   49.583698   -295.335232 
401.050381   49.219311   -295.335232 
400.502450   48.801700   -295.335232 
399.964531   48.483536   -295.335232 
399.426857   48.165573   -295.335232 
398.946112   48.228879   -295.335232 
398.451227   48.292126   -295.335232 
397.978956   48.353105   -295.335232 
397.434356   48.200822   -295.335232 
396.889711   48.048521   -295.335232 
396.349594   47.676594   -295.335232 
395.852466   47.311995   -295.335232 
395.364821   46.996486   -295.335232 
394.858849   46.764032   -295.335232 
394.383240   46.588290   -295.335232 
393.896934   46.645451   -295.335232 
393.342307   46.495688   -295.335232 
392.811608   46.333617   -295.335232 
392.291700   46.151108   -295.335232 
391.742889   45.940902   -295.335232 
391.203453   45.733941   -295.335232 
390.664194   45.527172   -295.335232 
390.178918   45.385381   -295.335232 
389.675559   45.440846   -295.335232 
389.194015   45.494932   -295.335232 
388.710269   45.548815   -295.335232 
388.226476   45.602541   -295.335232 
387.663669   45.667051   -295.335232 
387.076915   45.733976   -295.335232 
386.555881   45.792173   -295.335232 
386.065654   45.843930   -295.335232 
385.455236   45.912034   -295.335232 
384.843954   45.979579   -295.335232 
384.292914   46.037249   -295.335232 
383.688722   46.100290   -295.335232 
383.137892   46.157212   -295.335232 
382.567541   46.219271   -295.335232 
382.013136   46.280781   -295.335232 
381.458718   46.342109   -295.335232 
380.915509   46.391378   -295.748451 
380.375730   46.440748   -295.748864 
379.863365   46.492543   -295.748864 
379.324413   46.545998   -295.748864 
378.785414   46.599161   -295.748864 
378.248777   46.648360   -295.748864 
377.751074   46.688625   -296.160419 
377.231740   46.736237   -296.160830 
376.701447   46.786366   -296.160830 
376.179703   46.830444   -296.160830 
375.658006   46.874112   -296.160830 
375.161211   46.915013   -296.160830 
374.647367   46.959507   -296.160830 
374.116024   47.003970   -296.160830 
373.576129   47.049030   -296.160830 
373.062292   47.092419   -296.160830 
372.495436   47.140836   -296.160830 
371.928545   47.188827   -296.160830 
371.392171   47.233507   -296.160830 
370.895841   47.274183   -296.160830 
370.374462   47.315948   -296.160830 
369.839228   47.359717   -296.160830 
369.304015   47.403090   -296.160830 
368.759351   47.445666   -296.160830 
368.211240   47.489845   -296.160830 
367.668533   47.279345   -296.160830 
367.126966   47.109468   -296.160830 
366.651452   47.109207   -296.160830 
366.176078   47.109207   -296.160830 
365.697379   47.109207   -296.160830 
365.169377   46.876696   -296.586652 
364.730790   46.620440   -297.001242 
364.273581   46.421665   -297.001656 
363.849495   46.106003   -297.420649 
363.544129   45.633082   -297.916967 
363.238966   45.269957   -297.917463 
363.066514   44.885092   -297.917463 
362.880564   44.338529   -298.370346 
362.692435   43.813711   -298.822077 
362.692134   43.352458   -299.247956 
362.732506   42.890636   -299.673987 
362.590223   42.504001   -300.078796 
362.634380   42.105349   -300.079200 
362.676228   41.854903   -300.079201 
362.720292   41.612718   -300.079201 
362.764484   41.370420   -300.079201 
362.633699   41.090899   -300.079201 
362.511009   40.838935   -300.079201 
362.576539   40.794007   -300.079201 
362.485429   40.793938   -300.079201 
362.555090   40.746672   -300.079201 
362.623156   40.700686   -300.079201 
362.691198   40.654810   -300.079201 
362.606826   40.654740   -300.079201 
362.516766   40.654740   -300.079201 
362.430565   40.654740   -300.079201 
362.506134   40.603635   -300.079201 
362.581936   40.552587   -300.079201 
362.657450   40.501849   -300.079201 
362.485265   40.501771   -300.079201 
362.320678   40.501771   -300.079201 
362.106428   40.501771   -300.079201 
361.957501   40.501771   -300.079201 
361.839024   40.167996   -300.079201 
361.721060   39.833585   -300.079201 
361.561599   39.466542   -300.484161 
361.440621   39.177426   -300.484565 
361.323705   38.946735   -300.484566 
361.193977   38.665667   -300.484566 
361.074212   38.317329   -300.484566 
360.942472   37.937017   -300.484566 
360.783429   37.652510   -300.484566 
360.594740   37.430366   -300.484566 
360.430666   37.128989   -300.484566 
360.430404   36.572939   -300.484566 
360.430404   36.016274   -300.484566 
360.430404   35.460834   -300.484566 
360.430404   34.952717   -300.484566 
360.430404   34.522219   -300.484566 
360.290801   34.521557   -300.484566 
360.331240   34.161215   -300.484566 
360.331304   33.611322   -300.484566 
360.331304   32.906682   -300.484566 
360.331304   32.128634   -300.484566 
360.331304   31.495929   -300.484566 
360.202711   31.111452   -300.484566 
360.041806   30.677115   -300.484566 
359.881519   30.242391   -300.484566 
359.737511   29.696271   -300.484566 
359.737281   29.140512   -300.484566 
359.556919   28.699913   -300.484566 
359.556631   28.144897   -300.484566 
359.402967   27.522762   -300.484566 
359.174574   26.899814   -300.484566 
358.990095   26.231206   -300.484566 
358.989800   25.793323   -300.484566 
358.739747   25.440117   -300.484566 
358.502104   24.984264   -300.484566 
358.301089   24.388488   -300.484566 
358.052585   23.737550   -300.484566 
357.873524   23.118119   -300.484566 
357.638873   22.784218   -300.484566 
357.420105   22.356726   -300.484566 
357.419755   21.830943   -300.484566 
357.419755   21.304473   -300.484566 
357.201843   20.776088   -300.484566 
356.983573   20.314675   -300.484566 
356.715927   19.971055   -300.484566 
356.411295   19.614827   -300.484566 
356.234464   19.198848   -300.484566 
356.016509   18.699510   -300.484566 
355.799219   18.199238   -300.484566 
355.595336   17.893770   -300.484566 
355.394965   17.518936   -300.484566 
355.394645   17.138329   -300.484566 
355.394645   16.777063   -300.484566 
355.394645   16.415253   -300.484566 
355.394645   16.023840   -300.484566 
355.394645   15.660788   -300.484566 
355.172285   15.660231   -300.484566 
354.934986   15.476214   -300.484566 
354.715286   15.190942   -300.484566 
354.714935   14.860286   -300.484566 
354.714934   14.529030   -300.484566 
354.714934   14.142801   -300.484566 
354.714934   13.820702   -300.484566 
354.521868   13.820701   -300.484566 
354.328151   13.820701   -300.484566 
354.501828   13.820701   -300.484566 
354.725426   13.820701   -300.484566 
354.962675   13.820701   -300.484566 
355.261628   13.820701   -300.484566 
355.550212   13.820701   -300.484566 
355.880928   13.820701   -300.484566 
356.205759   13.820701   -300.484566 
356.542668   13.820701   -300.484566 
356.926265   13.820701   -300.484566 
357.328048   13.820701   -300.484566 
357.729935   13.820701   -300.484566 
358.164971   13.820701   -300.484566 
358.589616   13.820701   -300.484566 
358.999285   13.820701   -300.484566 
359.396869   13.820701   -300.484566 
359.805947   13.820701   -300.484566 
360.271438   13.820701   -300.484566 
360.748398   13.820701   -300.484566 
361.293717   13.820701   -300.484566 
361.778561   13.820701   -300.484566 
362.296510   13.820701   -300.484566 
362.806506   13.820701   -300.484566 
363.351607   13.820701   -300.484566 
363.896962   13.820701   -300.484566 
364.408347   13.820701   -300.484566 
364.887002   13.820701   -300.484566 
365.398870   13.820701   -300.484566 
365.930875   13.820701   -300.484566 
366.490898   13.820701   -300.484566 
367.030749   13.820701   -300.484566 
367.615381   13.820701   -300.484566 
368.181827   13.820701   -300.484566 
368.782338   13.820701   -300.484566 
369.349478   13.820701   -300.484566 
369.946161   13.820701   -300.484566 
370.543094   13.820701   -300.484566 
371.096079   13.820701   -300.484566 
371.721711   13.820701   -300.484566 
372.305852   13.820701   -300.484566 
372.891938   13.820701   -300.484566 
373.500678   13.820701   -300.484566 
374.092532   13.820701   -300.484566 
374.684568   13.820701   -300.484566 
375.269618   13.820701   -300.484566 
375.824715   14.009899   -300.484566 
376.380742   14.209518   -300.484566 
376.956632   14.436776   -300.484566 
377.532763   14.663337   -300.484566 
378.093045   14.904644   -300.484566 
378.633823   15.164230   -300.484566 
379.134423   15.451224   -300.484566 
379.637014   15.704597   -300.484566 
380.168671   15.950114   -300.484566 
380.700580   16.194917   -300.484566 
381.226109   16.446951   -300.484566 
381.744187   16.689349   -300.484566 
382.310986   16.915667   -300.484566 
382.903091   17.141128   -300.484566 
383.495417   17.365783   -300.484566 
384.094612   17.589171   -300.484566 
384.688754   17.808684   -300.484566 
385.293154   18.039678   -300.484566 
385.885080   18.259461   -300.484566 
386.448856   18.463515   -300.484566 
387.012495   18.677803   -300.484566 
387.616857   18.910530   -300.484566 
388.196981   19.129284   -300.484566 
388.748485   19.374727   -300.484566 
389.301990   19.606661   -300.484566 
389.826861   19.839750   -300.484566 
390.351837   20.072096   -300.484566 
390.851366   20.283325   -300.484566 
391.359283   20.495044   -300.484566 
391.825933   20.712219   -300.484566 
392.309982   20.929194   -300.484566 
392.755239   21.160762   -300.484566 
393.188993   21.369200   -300.484566 
393.574528   21.584012   -300.484566 
393.904236   21.584342   -300.484566 
394.199286   21.778326   -300.484566 
394.454891   22.003604   -300.484566 
394.743824   22.286171   -300.484566 
394.981112   22.546577   -300.484566 
395.218427   22.806638   -300.484566 
395.437591   23.074632   -300.484566 
395.689389   23.263830   -300.484566 
395.986762   23.264120   -300.484566 
396.260611   23.264121   -300.484566 
396.506313   23.264121   -300.484566 
396.691893   23.264121   -300.484566 
396.692189   23.264121   -300.484566 
396.692190   23.264121   -300.484566 
396.692190   23.466173   -300.484566 
396.692190   23.668583   -300.484566 
396.692190   23.885546   -300.484566 
396.692190   24.081127   -300.484566 
396.692190   24.281560   -300.484566 
396.692190   24.482349   -300.484566 
396.692190   24.703125   -300.484566 
396.692190   25.004971   -300.484566 
396.692190   25.339724   -300.484566 
396.692190   25.699933   -300.484566 
396.692190   26.060294   -300.484566 
396.692190   26.440845   -300.484566 
396.692190   26.809130   -300.484566 
396.692190   27.207073   -300.484566 
396.692190   27.411856   -300.484566 
396.692190   27.932041   -300.484566 
396.692190   28.452857   -300.484566 
396.737425   29.213040   -300.484566 
396.788703   30.051519   -300.484566 
396.837128   30.821328   -300.484566 
396.882344   31.522253   -300.484566 
396.922966   32.138007   -300.484566 
396.923031   32.547293   -300.484566 
396.923031   32.952706   -300.484566 
396.923031   33.502972   -300.484566 
396.969945   34.172970   -300.484566 
397.021620   34.895635   -300.484566 
397.073727   35.609329   -300.484566 
397.126893   36.322997   -300.484566 
397.178643   37.004090   -300.484566 
397.226174   37.618205   -300.484566 
397.469231   37.830677   -300.484566 
397.712646   38.042133   -300.484566 
397.917427   38.527625   -300.484566 
397.976167   39.254495   -300.484566 
398.041687   40.053966   -300.484566 
398.103548   40.793822   -300.484566 
398.159299   41.448584   -300.484566 
398.207795   42.009213   -300.484566 
398.207872   42.454053   -300.484566 
398.207872   42.898736   -300.484566 
398.207872   43.130365   -300.484566 
398.207872   43.441137   -300.484566 
398.255981   43.972319   -300.484566 
398.316338   44.630143   -300.484566 
398.377599   45.288059   -300.484566 
398.433777   45.882706   -300.484566 
398.483417   46.401382   -300.484566 
398.530450   46.887392   -300.484566 
398.573903   47.331795   -300.484566 
398.573973   47.615559   -300.484566 
398.770277   47.615995   -300.484566 
399.041491   47.957319   -300.484566 
399.086502   48.577416   -300.484566 
399.134598   49.208181   -300.484566 
399.185768   49.707751   -300.484566 
399.228304   50.118705   -300.484566 
399.228372   50.433939   -300.484566 
399.228372   50.655961   -300.484566 
399.228372   50.857146   -300.484566 
399.228372   51.079772   -300.484566 
399.228372   51.297653   -300.484566 
399.228372   51.515880   -300.484566 
399.228372   51.515880   -300.484566 
399.228372   51.515880   -300.484566 
399.228372   51.515880   -300.484566 
399.228372   51.515880   -300.484566 
399.228372   51.515880   -300.484566 
399.228372   51.515880   -300.484566 
399.187756   51.515880   -300.484566 
398.975976   51.557221   -300.484566 
398.730333   51.605262   -300.484566 
398.478626   51.655351   -300.484566 
398.223493   51.706912   -300.484566 
397.964220   51.760231   -300.484566 
397.715513   51.813102   -300.484566 
397.445154   51.870144   -300.484566 
397.174700   51.927583   -300.484566 
396.874503   51.990984   -300.484566 
396.611179   52.049452   -300.484566 
396.325640   51.883399   -300.484566 
396.003249   51.695019   -299.980900 
395.680346   51.515792   -299.460535 
395.389299   51.335341   -298.922032 
395.103104   51.155281   -298.383098 
394.810116   50.946928   -297.827595 
394.538639   50.727319   -297.267885 
394.267722   50.488836   -296.700147 
394.168157   50.276566   -296.125409 
394.070858   50.055731   -295.544358 
393.969506   49.797173   -294.931223 
393.875543   49.584396   -294.303560 
393.786836   49.378763   -293.676832 
393.694898   49.072281   -293.078616 
393.605351   48.726211   -292.505741 
393.522524   48.406863   -291.934560 
393.443431   48.087414   -291.363038 
393.374021   47.823479   -290.795215 
393.306478   47.547292   -290.219127 
393.241657   47.263981   -289.637407 
393.177184   46.950234   -289.047052 
393.113457   46.597738   -288.468172 
393.223133   46.227988   -287.892258 
393.362188   45.813370   -287.326532 
393.581406   45.298724   -286.781437 
393.828150   44.724942   -286.239671 
394.118228   44.035472   -285.693231 
394.446077   43.259834   -285.155383 
394.818099   42.415440   -284.632468 
395.196465   41.570094   -284.109430 
395.643532   40.676848   -284.108907 
396.131473   39.759756   -284.108907 
396.635616   38.939089   -284.108907 
397.145060   38.143497   -284.108907 
397.688221   37.332944   -284.108907 
398.233087   36.522111   -284.108907 
398.790531   35.715358   -284.108907 
399.366777   34.855262   -284.108907 
399.958289   33.931260   -284.108907 
400.550124   33.073626   -284.108907 
401.143775   32.216283   -284.108907 
401.697527   31.437647   -284.108907 
402.278707   30.640466   -284.108907 
402.876597   29.911755   -284.108907 
403.461107   29.286655   -284.108907 
404.060337   28.692896   -284.108907 
404.711689   28.072833   -284.108907 
405.364140   27.452947   -284.108907 
406.013251   26.753754   -284.108907 
406.686910   26.040235   -284.108907 
407.322777   25.615811   -284.108907 
408.003884   25.129982   -284.108907 
408.685707   24.644274   -284.108907 
409.349763   24.061927   -284.108907 
410.058618   23.480528   -284.108907 
410.729656   23.113030   -284.108907 
411.441130   22.703224   -284.108907 
412.153114   22.293641   -284.108907 
412.855799   21.897794   -284.108907 
413.538311   21.549043   -284.108907 
414.232859   21.505352   -284.108907 
414.915108   21.462835   -284.108907 
415.639174   21.417696   -284.108907 
416.406801   21.046887   -284.108907 
417.174813   20.675996   -284.108907 
417.957854   20.220998   -284.108907 
418.718688   19.767918   -284.108907 
419.433232   19.485710   -284.108907 
420.124134   19.445827   -284.108907 
420.851008   19.404367   -284.108907 
421.577891   19.362937   -284.108907 
422.315186   19.321012   -284.108907 
423.100504   19.276559   -284.108907 
423.817427   18.990936   -284.108907 
424.580715   18.703230   -284.108907 
425.344211   18.416059   -284.108907 
426.064298   18.377000   -284.108907 
426.812772   18.337002   -284.108907 
427.547557   18.297956   -284.108907 
428.271608   18.297896   -284.108907 
428.970009   18.297896   -284.108907 
429.669750   18.297896   -284.108907 
430.369399   18.297896   -284.108907 
431.042934   18.297896   -284.108907 
431.716371   18.297896   -284.108907 
432.364160   18.297896   -284.108907 
433.035930   18.297896   -284.108907 
433.707674   18.297896   -284.108907 
434.350751   18.297896   -284.108907 
434.992210   18.297896   -284.108907 
435.585430   18.297896   -284.108907 
436.136362   18.297896   -284.108907 
436.742525   18.041476   -284.108907 
437.300307   17.732913   -284.108907 
437.858186   17.424959   -284.108907 
438.378431   17.113037   -284.108907 
438.911427   16.863766   -284.108907 
439.400667   16.863383   -284.108907 
439.907893   16.863383   -284.108907 
440.440936   16.863383   -284.108907 
440.919918   16.863383   -284.108907 
441.419962   16.863383   -284.108907 
441.875095   16.863383   -284.108907 
442.294458   16.863383   -284.108907 
442.713857   16.863383   -284.108907 
443.120109   16.863383   -284.512466 
443.492406   16.863383   -284.919212 
443.861032   16.863383   -285.340289 
444.208473   16.863383   -285.791569 
444.550747   16.863383   -286.240073 
444.850201   16.863383   -286.732684 
445.150860   16.863383   -287.225520 
445.442318   16.656155   -287.729259 
445.743488   16.655837   -288.272632 
446.023209   16.655837   -288.805419 
446.291613   16.655837   -289.324581 
446.561495   16.655837   -289.843935 
446.847860   16.655837   -290.362453 
447.115314   16.655837   -290.870362 
447.357846   16.655837   -291.352832 
447.609789   16.655837   -291.859867 
447.823110   16.655837   -292.358083 
447.866922   16.655837   -292.778799 
447.912463   16.655837   -293.199647 
447.967046   16.655837   -293.683048 
448.015702   16.655837   -294.094183 
448.069103   16.655837   -294.528540 
448.121282   16.655837   -294.936750 
448.175354   16.655837   -295.345138 
448.225052   16.655837   -295.345546 
448.268445   16.655837   -295.345546 
448.310806   16.655837   -295.345546 
448.354088   16.655837   -295.345546 
448.397391   16.655837   -295.345546 
448.279552   16.655837   -295.345546 
448.158456   16.655837   -295.345546 
448.203985   16.655837   -295.345546 
448.082876   16.655837   -295.345546 
447.956270   16.655837   -295.345546 
447.825566   16.655837   -295.345546 
447.694829   16.655837   -295.345546 
447.567164   16.655837   -295.345546 
447.449741   16.655837   -295.345546 
447.324274   16.655837   -295.345546 
447.188910   16.655837   -295.345546 
447.231026   16.655837   -295.345546 
447.273980   16.655837   -295.345546 
447.274049   16.452627   -295.345546 
447.113507   16.223423   -295.345546 
447.113251   15.919670   -295.345546 
447.113251   15.610525   -295.345546 
447.113251   15.299239   -295.345546 
447.113251   14.988161   -295.345546 
447.113251   14.657317   -295.345546 
447.113251   14.290364   -295.345546 
447.113251   13.914355   -295.345546 
447.113251   13.391587   -295.345546 
447.113251   12.872629   -295.345546 
447.113251   12.480410   -295.345546 
447.113251   11.940339   -295.345546 
447.113251   11.400415   -295.345546 
447.113251   10.729828   -295.345546 
447.113251   10.014218   -295.345546 
447.113251   9.327932   -295.345546 
447.113251   8.832733   -295.345546 
447.113251   8.483446   -295.345546 
447.113251   8.060295   -295.345546 
447.113251   7.488200   -295.345546 
447.113251   6.918035   -295.345546 
446.923563   6.317607   -295.345546 
446.707714   5.592392   -295.345546 
446.530154   4.846421   -295.345546 
446.353691   4.100588   -295.345546 
446.160363   3.371470   -295.345546 
445.904673   2.811943   -295.345546 
445.534937   2.375178   -295.345546 
445.167161   1.854926   -295.345546 
444.799921   1.334300   -295.345546 
444.450481   0.718894   -295.345546 
444.161985   0.083040   -295.345546 
443.956504   -0.518488   -295.345546 
443.662913   -0.900309   -295.345546 
443.366640   -1.336432   -295.345546 
443.121060   -1.865218   -295.345546 
442.876103   -2.394216   -295.345546 
442.679567   -2.986527   -295.345546 
442.524788   -3.636737   -295.345546 
442.368415   -4.156122   -295.345546 
442.223910   -4.695040   -295.345546 
442.079981   -5.233874   -295.345546 
442.079752   -5.770190   -295.345546 
442.079751   -6.329737   -295.345546 
441.947918   -6.888086   -295.345546 
441.947708   -7.230621   -295.345546 
441.808549   -7.719445   -295.345546 
441.808327   -8.326498   -295.345546 
441.808326   -8.933254   -295.345546 
441.808326   -9.621153   -295.345546 
441.808326   -10.319552   -295.345546 
441.808326   -10.937415   -295.345546 
441.808326   -11.224004   -295.345546 
441.669915   -11.617001   -295.345546 
441.669694   -12.120761   -295.345546 
441.669693   -12.713022   -295.345546 
441.669693   -13.304912   -295.345546 
441.669693   -14.008915   -295.345546 
441.669693   -14.645412   -295.345546 
441.669693   -15.066898   -295.345546 
441.669693   -15.545840   -295.345546 
441.669693   -16.024457   -295.345546 
441.669693   -16.453747   -295.345546 
441.669693   -16.846330   -295.345546 
441.669693   -17.182264   -295.345546 
441.669693   -17.182780   -295.345546 
441.669693   -17.182780   -295.345546 
441.669693   -17.381956   -295.345546 
441.669693   -17.581272   -295.345546 
441.669693   -17.581578   -295.345546 
441.669693   -17.581578   -295.345546 
441.669693   -17.581578   -295.345546 
441.669693   -17.581578   -295.345546 
441.669693   -17.581578   -295.345546 
441.669693   -17.581578   -295.345546 
441.669693   -17.581578   -295.345546 
441.669693   -17.581578   -295.345546 
441.669693   -17.581578   -295.345546 
441.669693   -17.581578   -295.345546 
441.669693   -17.581578   -295.345546 
441.669693   -17.581578   -295.345546 
441.669693   -17.581578   -295.345546 
441.669693   -17.581578   -295.345546 
441.496664   -17.581578   -295.345546 
441.285147   -17.581578   -295.345546 
441.039057   -17.581578   -295.345546 
440.721893   -17.581578   -295.345546 
440.337817   -17.581578   -295.345546 
439.923678   -17.581578   -295.345546 
439.484059   -17.581578   -295.345546 
439.000918   -17.581578   -295.345546 
438.477251   -17.581578   -295.345546 
437.917588   -17.581578   -295.345546 
437.358061   -17.581578   -295.345546 
436.780669   -17.581578   -295.345546 
436.192911   -17.581578   -295.345546 
435.618907   -17.581578   -295.345546 
435.045048   -17.581578   -295.345546 
434.450275   -17.581578   -295.345546 
433.867226   -17.581578   -295.345546 
433.319709   -17.581578   -295.345546 
432.772365   -17.581578   -295.345546 
432.223000   -17.581578   -295.345546 
431.681783   -17.581578   -295.345546 
431.070055   -17.581578   -295.345546 
430.458333   -17.581578   -295.345546 
429.856355   -17.581578   -295.345546 
429.273970   -17.581578   -295.345546 
428.708313   -17.581578   -295.345546 
428.142786   -17.581578   -295.345546 
427.540305   -17.581578   -295.345546 
426.959337   -17.581578   -295.345546 
426.416062   -17.581578   -295.345546 
425.884987   -17.581578   -295.345546 
425.328072   -17.581578   -295.345546 
424.779291   -17.581578   -295.345546 
424.173750   -17.414920   -295.345546 
423.568870   -17.224422   -295.345546 
422.988977   -17.224129   -295.345546 
422.437294   -17.224128   -295.345546 
421.875443   -17.224128   -295.345546 
421.238997   -17.027097   -295.345546 
420.678756   -16.818865   -295.345546 
420.132429   -16.818545   -295.345546 
419.586225   -16.818544   -295.345546 
418.968913   -16.624722   -295.345546 
418.339375   -16.443930   -295.345546 
417.709991   -16.263157   -295.345546 
417.120315   -16.262879   -295.345546 
416.587585   -16.262879   -295.345546 
416.045722   -16.262879   -295.345546 
415.461624   -16.262879   -295.345546 
414.890741   -16.262879   -295.345546 
414.348923   -16.262879   -295.345546 
413.770458   -16.262879   -295.345546 
413.192049   -16.262879   -295.345546 
412.582012   -16.262879   -295.345546 
412.019751   -16.262879   -295.345546 
411.473593   -16.262879   -295.345546 
410.953231   -16.262879   -295.345546 
410.414338   -16.095087   -295.345546 
409.832057   -15.921747   -295.345546 
409.241672   -15.921481   -295.345546 
408.683079   -15.749228   -295.345546 
408.124684   -15.576622   -295.345546 
407.613591   -15.576357   -295.345546 
407.089960   -15.576357   -295.345546 
406.584030   -15.576357   -295.345546 
406.094191   -15.576357   -295.345546 
405.579813   -15.576357   -295.345546 
405.050540   -15.576357   -295.345546 
404.528233   -15.576357   -295.345546 
404.069897   -15.576357   -295.345546 
403.611760   -15.576357   -295.345546 
403.143644   -15.576357   -295.345546 
402.679362   -15.576357   -295.345546 
402.186018   -15.576357   -295.345546 
401.733677   -15.576357   -295.345546 
401.289980   -15.576357   -295.345546 
400.932477   -15.576357   -295.345546 
400.637232   -15.576357   -295.345546 
400.394661   -15.576357   -295.345546 
400.152222   -15.576357   -295.345546 
399.932903   -15.576357   -295.345546 
399.742378   -15.576357   -295.345546 
399.566975   -15.576357   -295.345546 
399.395863   -15.576357   -295.345546 
399.395863   -15.331040   -295.345546 
399.395863   -15.023613   -295.345546 
399.395863   -14.694274   -295.345546 
399.395863   -14.312224   -295.345546 
399.395863   -13.897372   -295.345546 
399.395863   -13.447925   -295.345546 
399.395863   -12.976577   -295.345546 
399.395863   -12.485159   -295.345546 
399.395863   -11.993634   -295.345546 
399.395863   -11.454834   -295.345546 
399.395863   -10.895906   -295.345546 
399.395863   -10.304178   -295.345546 
399.395863   -9.712301   -295.345546 
399.395863   -9.103984   -295.345546 
399.395863   -8.497355   -295.345546 
399.395863   -7.916045   -295.345546 
399.395863   -7.316516   -295.345546 
399.395863   -6.673276   -295.345546 
399.395863   -5.984458   -295.345546 
399.395863   -5.270024   -295.345546 
399.395863   -4.555423   -295.345546 
399.395863   -3.833428   -295.345546 
399.395863   -3.189384   -295.345546 
399.395863   -2.636150   -295.345546 
399.395863   -2.113832   -295.345546 
399.395863   -1.437097   -295.345546 
399.395863   -0.760004   -295.345546 
399.395863   0.009836   -295.345546 
399.395863   0.776323   -295.345546 
399.395863   1.486641   -295.345546 
399.395863   2.197000   -295.345546 
399.395863   2.927461   -295.345546 
399.395863   3.601782   -295.345546 
399.395863   4.087263   -295.345546 
399.395863   4.528955   -295.345546 
399.395863   5.212195   -295.345546 
399.395863   5.990356   -295.345546 
399.395863   6.721580   -295.345546 
399.395863   7.421985   -295.345546 
399.395863   8.067985   -295.345546 
399.395863   8.600435   -295.345546 
399.395863   8.838834   -295.345546 
399.395863   9.475286   -295.345546 
399.395863   10.241368   -295.345546 
399.395863   10.922438   -295.345546 
399.395863   11.514529   -295.345546 
399.395863   12.064827   -295.345546 
399.395863   12.509864   -295.345546 
399.395863   12.860962   -295.345546 
399.395863   13.279879   -295.345546 
399.395863   13.882845   -295.345546 
399.395863   14.486188   -295.345546 
399.395863   14.986174   -295.345546 
399.395863   15.293706   -295.345546 
399.395863   15.501501   -295.345546 
399.395863   15.253031   -295.345546 
399.395863   15.004120   -295.345546 
399.395863   14.762038   -295.345546 
399.395863   14.564212   -295.345546 
399.395863   14.366037   -295.345546 
399.200942   14.128715   -295.345546 
398.985934   13.879385   -295.345546 
398.738484   13.649481   -295.345546 
398.457190   13.444549   -295.345546 
398.159462   13.242088   -295.345546 
397.833484   13.049796   -295.345546 
397.473668   12.829738   -295.345546 
397.104080   12.579050   -295.345546 
396.728729   12.332051   -295.345546 
396.325317   12.100522   -295.345546 
395.898252   11.882499   -295.345546 
395.471287   11.664408   -295.345546 
395.021926   11.448839   -295.345546 
394.585405   11.261810   -295.345546 
394.161310   11.261523   -295.345546 
393.737220   11.261522   -295.345546 
393.285809   11.077630   -295.345546 
392.823877   10.891953   -295.345546 
392.374114   10.707644   -295.345546 
391.938022   10.522849   -295.345546 
391.455144   10.328606   -295.345546 
390.991932   10.328307   -295.345546 
390.534754   10.328307   -295.345546 
390.077566   10.328307   -295.345546 
389.638566   10.142855   -295.345546 
389.178309   9.943193   -295.345546 
388.738051   9.759168   -295.345546 
388.270451   9.557765   -295.345546 
387.781851   9.356863   -295.345546 
387.332249   9.356554   -295.345546 
386.862273   9.177428   -295.345546 
386.410426   8.997463   -295.345546 
385.991510   8.800177   -295.345546 
385.531773   8.585714   -295.345546 
385.081474   8.389010   -295.345546 
384.604239   8.194751   -295.345546 
384.127073   8.000400   -295.345546 
383.676993   7.798013   -295.345546 
383.207629   7.603230   -295.345546 
382.770326   7.602931   -295.345546 
382.328531   7.602931   -295.345546 
381.872912   7.415876   -295.345546 
381.422054   7.415589   -295.345546 
380.978701   7.415589   -295.345546 
380.527804   7.415589   -295.345546 
380.063314   7.415589   -295.345546 
379.589737   7.415589   -295.345546 
379.147728   7.415589   -295.345546 
378.705736   7.415589   -295.345546 
378.277260   7.415589   -295.345546 
377.827697   7.415589   -295.345546 
377.355482   7.415589   -295.345546 
376.883194   7.415589   -295.345546 
376.410867   7.415589   -295.345546 
375.912808   7.415589   -295.345546 
375.497861   7.415589   -295.345546 
375.030024   7.415589   -295.345546 
374.578622   7.415589   -295.345546 
374.130911   7.415589   -295.345546 
373.652361   7.415589   -295.345546 
373.200815   7.415589   -295.345546 
372.738731   7.415589   -295.345546 
372.277524   7.415589   -295.345546 
371.845777   7.415589   -295.345546 
371.358000   7.415589   -295.345546 
370.909262   7.415589   -295.345546 
370.481623   7.415589   -295.345546 
370.054049   7.415589   -295.345546 
369.611451   7.415589   -295.345546 
369.156257   7.415589   -295.345546 
368.701065   7.415589   -295.345546 
368.237707   7.415589   -295.345546 
367.762090   7.415589   -295.345546 
367.299147   7.219028   -295.345546 
366.845718   7.027644   -295.345546 
366.394375   7.027350   -295.345546 
365.953671   7.027350   -295.345546 
365.497913   7.027350   -295.345546 
365.011873   7.027350   -295.345546 
364.584411   7.027350   -295.345546 
364.144383   7.027350   -295.345546 
363.656619   7.027350   -295.345546 
363.168796   7.027350   -295.345546 
362.705076   7.027350   -295.345546 
362.230301   7.027350   -295.345546 
361.754412   7.027350   -295.345546 
361.259531   7.027350   -295.345546 
360.797546   6.839643   -295.345546 
360.325219   6.839355   -295.345546 
359.854999   6.653963   -295.345546 
359.384977   6.468228   -295.345546 
358.887488   6.261079   -295.345546 
358.434650   6.260761   -295.345546 
357.981841   6.260760   -295.345546 
357.590282   6.260760   -295.345546 
357.198856   6.260760   -295.345546 
356.802579   6.260760   -295.345546 
356.404109   6.260760   -295.345546 
356.026979   6.260760   -295.345546 
355.623740   6.069105   -295.345546 
355.264417   5.857823   -295.345546 
354.903802   5.652317   -295.345546 
354.543400   5.446659   -295.345546 
354.368287   5.202833   -295.345546 
354.368007   4.971654   -295.345546 
354.368007   4.751724   -295.345546 
354.368007   4.483882   -295.345546 
354.368007   4.144706   -295.345546 
354.368007   3.775811   -295.345546 
354.368007   3.406269   -295.345546 
354.368007   3.027044   -295.345546 
354.368007   2.625395   -295.345546 
354.368007   2.103194   -295.345546 
354.368007   1.494602   -295.345546 
354.368007   0.843118   -295.345546 
354.368007   0.190514   -295.345546 
354.368007   -0.303323   -295.345546 
354.368007   -0.835850   -295.345546 
354.368007   -1.429225   -295.345546 
354.368007   -1.869271   -295.345546 
354.368007   -2.362453   -295.345546 
354.368007   -3.016322   -295.345546 
354.368007   -3.638785   -295.345546 
354.368007   -4.229497   -295.345546 
354.368007   -4.648569   -295.345546 
354.368007   -4.913678   -295.345546 
354.368007   -5.295194   -295.345546 
354.368007   -5.728337   -295.345546 
354.368007   -6.162240   -295.345546 
354.368007   -6.696697   -295.345546 
354.368007   -6.941609   -295.345546 
354.177304   -7.198164   -295.345546 
354.176999   -7.623094   -295.345546 
354.176999   -8.048947   -295.345546 
354.176999   -8.495438   -295.345546 
354.176999   -9.008018   -295.345546 
354.176999   -9.496073   -295.345546 
354.176999   -9.805061   -295.345546 
354.176999   -10.049504   -295.345546 
354.176999   -10.471433   -295.345546 
354.176999   -10.913066   -295.345546 
354.176999   -11.355580   -295.345546 
354.176999   -11.915003   -295.345546 
354.176999   -12.474002   -295.345546 
353.991447   -12.801842   -295.345546 
353.991150   -13.045078   -295.345546 
353.991150   -13.471001   -295.345546 
353.991150   -13.946264   -295.345546 
353.991150   -14.431245   -295.345546 
353.991150   -14.774258   -295.345546 
353.991150   -15.023271   -295.345546 
353.991150   -15.272628   -295.345546 
353.825328   -15.740785   -295.345546 
353.825063   -16.169469   -295.345546 
353.825062   -16.635764   -295.345546 
353.825062   -17.041127   -295.345546 
353.825062   -17.447182   -295.345546 
353.825062   -17.774924   -295.345546 
353.825062   -17.775427   -295.345546 
353.575375   -17.775428   -295.345546 
353.574976   -17.775428   -295.345546 
353.574975   -18.128547   -295.345546 
353.574975   -18.601631   -295.345546 
353.574975   -18.924619   -295.345546 
353.574975   -18.925115   -295.345546 
353.574975   -18.925116   -295.345546 
353.405904   -18.925116   -295.345546 
353.405904   -18.925116   -295.345546 
353.208706   -18.925116   -295.345546 
352.996884   -18.925116   -295.345546 
352.784953   -18.925116   -295.345546 
352.543501   -18.925116   -295.345546 
352.232206   -18.963606   -295.345546 
351.891431   -19.008606   -295.345546 
351.550717   -19.057968   -295.345546 
351.209706   -19.107676   -295.345546 
350.851589   -19.161009   -295.345546 
350.529670   -19.212244   -295.345546 
350.200162   -19.266379   -295.345546 
349.836343   -19.326629   -294.802893 
349.489153   -19.387795   -294.237440 
349.155647   -19.449098   -293.663932 
348.860439   -19.508779   -293.084489 
348.564543   -19.569368   -292.498793 
348.293577   -19.629211   -291.906638 
348.001978   -19.691567   -291.304093 
347.736889   -19.752463   -290.703664 
347.476952   -19.813456   -290.102892 
347.392583   -19.863684   -289.495006 
347.313210   -19.913345   -288.893105 
347.239362   -19.961851   -288.304463 
347.171739   -20.008550   -287.737011 
347.107536   -20.055204   -287.169333 
347.047217   -20.101457   -286.605696 
346.989951   -20.147929   -286.038523 
346.933929   -20.196231   -285.448015 
346.880906   -20.245141   -284.848988 
346.820158   -20.060651   -284.242515 
346.763634   -19.870547   -283.642379 
346.710955   -19.679323   -283.042010 
346.710870   -19.725828   -282.442978 
346.710870   -19.772518   -281.844368 
346.710870   -19.819591   -281.238922 
346.710870   -19.865889   -280.641479 
346.710870   -19.912051   -280.043812 
346.862232   -19.912122   -279.448611 
347.052578   -19.912122   -278.852546 
347.256676   -19.748873   -278.274648 
347.491531   -19.478885   -277.697030 
347.748345   -19.136650   -277.125735 
348.010639   -18.792701   -276.554358 
348.347507   -18.580343   -275.992807 
348.702886   -18.389727   -275.433244 
349.136999   -18.187668   -274.879965 
349.587862   -18.003536   -274.331353 
350.044107   -17.818429   -273.782738 
350.530050   -17.818145   -273.238185 
351.071390   -17.818144   -272.716526 
351.644487   -17.818144   -272.203901 
352.225760   -17.818144   -271.690020 
352.812101   -17.818144   -271.176187 
353.407216   -17.818144   -270.653839 
354.037164   -17.818144   -270.136942 
354.656618   -17.818144   -269.626984 
355.292195   -17.818144   -269.626474 
355.928543   -17.818144   -269.626474 
356.567060   -17.818144   -269.626474 
357.221880   -17.818144   -269.626474 
357.877755   -17.818144   -269.626474 
358.530381   -17.818144   -269.626474 
359.181508   -17.818144   -269.626474 
359.823501   -17.818144   -269.626474 
360.466126   -17.818144   -269.626474 
361.121919   -17.818144   -269.626474 
361.775361   -18.001896   -269.626474 
362.419801   -18.002178   -269.626474 
363.070968   -18.002179   -269.626474 
363.722691   -18.002179   -269.626474 
364.353398   -18.002179   -269.626474 
364.993580   -18.002179   -269.626474 
365.667595   -18.002179   -269.626474 
366.325312   -18.002179   -269.626474 
367.021955   -18.233841   -269.626474 
367.740854   -18.560450   -269.626474 
368.460633   -18.886783   -269.626474 
369.186119   -19.290588   -269.626474 
369.876135   -19.655677   -269.626474 
370.562412   -19.997976   -269.626474 
371.250878   -20.291521   -269.626474 
371.934440   -20.532048   -269.626474 
372.609158   -20.768609   -269.626474 
373.316181   -21.013840   -269.626474 
374.053066   -21.232857   -269.626474 
374.771573   -21.487628   -269.626474 
375.511032   -21.740729   -269.626474 
376.243188   -21.961794   -269.626474 
376.970487   -22.191263   -269.626474 
377.732846   -22.407375   -269.626474 
378.495667   -22.622773   -269.626474 
379.238047   -22.800904   -269.626474 
379.999131   -23.005805   -269.626474 
380.757615   -23.209840   -269.626474 
381.531629   -23.409653   -269.626474 
382.301675   -23.638152   -269.626474 
383.073927   -23.862510   -269.626474 
383.818500   -24.086092   -269.626474 
384.542037   -24.309319   -269.626474 
385.288321   -24.519225   -269.626474 
386.061721   -24.667602   -269.626474 
386.835368   -24.815099   -269.626474 
387.552168   -24.768473   -269.626474 
388.263061   -24.721030   -269.626474 
388.968562   -24.869530   -269.626474 
389.708891   -25.056670   -269.626474 
390.458474   -25.308705   -269.626474 
391.177672   -25.566034   -269.626474 
391.891917   -25.757818   -269.626474 
392.587753   -25.709462   -269.626474 
393.247018   -25.663996   -269.626474 
393.973073   -25.612636   -269.626474 
394.696584   -25.561058   -269.626474 
395.420120   -25.509492   -269.626474 
396.136941   -25.669245   -269.626474 
396.885433   -25.809583   -269.626474 
397.620178   -25.756542   -269.626474 
398.339391   -25.704009   -269.626474 
399.113571   -25.877825   -269.626474 
399.894809   -26.039784   -269.626474 
400.636961   -25.985211   -269.626474 
401.379026   -25.930352   -269.626474 
402.138854   -25.874278   -269.626474 
402.921709   -26.048375   -269.626474 
403.675130   -26.303659   -269.626474 
404.424584   -26.560002   -269.626474 
405.130403   -26.730253   -269.626474 
405.855215   -26.930526   -269.626474 
406.593938   -27.228136   -269.626474 
407.315180   -27.511504   -269.626474 
408.018674   -27.742403   -269.626474 
408.695993   -27.901767   -269.626474 
409.362136   -28.068194   -269.626474 
410.028178   -28.233713   -269.626474 
410.667422   -28.541848   -269.626474 
411.306665   -28.849106   -269.626474 
411.946391   -29.120932   -269.626474 
412.589281   -29.387674   -269.626474 
413.205932   -29.717284   -269.626474 
413.816274   -29.889787   -269.626474 
414.380080   -29.841191   -269.626474 
414.948735   -30.102960   -269.626474 
415.534006   -30.464761   -269.626474 
416.137316   -30.896764   -269.626474 
416.701729   -31.305457   -269.626474 
417.266221   -31.712813   -269.626474 
417.816203   -32.078299   -269.626474 
418.301095   -32.273655   -269.626474 
418.791147   -32.551264   -269.626474 
419.281188   -32.828048   -269.626474 
419.771826   -33.136603   -269.626474 
420.264996   -33.436650   -269.626474 
420.782115   -33.709687   -269.626474 
421.298726   -33.928876   -269.626474 
421.735845   -34.089153   -269.626474 
422.169410   -34.370706   -269.626474 
422.602972   -34.651613   -269.626474 
423.030621   -35.025881   -269.626474 
423.449015   -35.328905   -269.626474 
423.855220   -35.678537   -269.626474 
424.243026   -35.972530   -269.626474 
424.630836   -36.265671   -269.626474 
425.077109   -36.488442   -269.626474 
425.493606   -36.684384   -269.626474 
425.888137   -36.872823   -269.626474 
426.313683   -37.124103   -269.626474 
426.664604   -37.428337   -269.626474 
427.043307   -37.719914   -269.626474 
427.422098   -38.010753   -269.626474 
427.810627   -38.292586   -269.626474 
428.181701   -38.498484   -269.626474 
428.574529   -38.723448   -269.626474 
428.926988   -39.039576   -269.626474 
429.279472   -39.355151   -269.626474 
429.673655   -39.634372   -269.626474 
430.060410   -39.889915   -269.626474 
430.421854   -40.118805   -269.626474 
430.810076   -40.306133   -269.626474 
431.198323   -40.492872   -269.626474 
431.564648   -40.493159   -269.626474 
431.930923   -40.493159   -269.626474 
432.293107   -40.665625   -269.626474 
432.605404   -40.868046   -269.626474 
432.880427   -41.075104   -270.065272 
433.137613   -41.075422   -270.493985 
433.395525   -41.075423   -270.922808 
433.616719   -41.075423   -271.351490 
433.904521   -41.075423   -271.835874 
434.123551   -41.075423   -272.328242 
434.305894   -41.075423   -272.846938 
434.514261   -41.075423   -273.410532 
434.753168   -41.272417   -273.940158 
434.997907   -41.478585   -274.479484 
435.189336   -41.715154   -275.032520 
435.392903   -41.715518   -275.565740 
435.580553   -41.715518   -276.127417 
435.830062   -41.906818   -276.711335 
436.034155   -41.907112   -277.265571 
436.250202   -42.112354   -277.820310 
436.435959   -42.339151   -278.361235 
436.628342   -42.339499   -278.897110 
436.835297   -42.339500   -279.414391 
437.048135   -42.339500   -279.933822 
437.262454   -42.339500   -280.453433 
437.436524   -42.339500   -281.010767 
437.609996   -42.339500   -281.543920 
437.794956   -42.339500   -282.033704 
438.056158   -42.339500   -282.522373 
438.318713   -42.339500   -283.011208 
438.480557   -42.339500   -283.494566 
438.480816   -42.339500   -284.037480 
438.480816   -42.649420   -284.577277 
438.480816   -42.897601   -285.104198 
438.480816   -42.897982   -285.590774 
438.480816   -42.897983   -286.078515 
438.480816   -42.897983   -286.565814 
438.480816   -42.897983   -287.031222 
438.480816   -42.897983   -287.475368 
438.480816   -42.897983   -287.904842 
438.480816   -42.897983   -288.341092 
438.480816   -42.897983   -288.777541 
438.480816   -42.897983   -289.225403 
438.480816   -42.897983   -289.663246 
438.480816   -42.897983   -289.663684 
438.480816   -42.897983   -289.663684 
438.480816   -42.897983   -290.067294 
438.480816   -42.897983   -290.478415 
438.480816   -42.897983   -290.478825 
438.480816   -42.897983   -290.478826 
438.480816   -42.897983   -290.478826 
438.480816   -42.897983   -290.478826 
438.480816   -42.897983   -290.478826 
438.480816   -42.897983   -290.478826 
438.480816   -42.897983   -290.478826 
438.480816   -42.897983   -290.478826 
438.480816   -42.897983   -290.478826 
438.480816   -42.897983   -290.478826 
438.480816   -42.897983   -290.478826 
438.480816   -42.897983   -290.478826 
438.480816   -42.897983   -290.478826 
438.480816   -42.897983   -290.478826 
438.480816   -42.897983   -290.478826 
438.480816   -42.897983   -290.478826 
438.480816   -42.897983   -290.478826 
438.480816   -42.897983   -290.478826 
438.480816   -42.897983   -290.478826 
438.480816   -42.897983   -290.478826 
438.480816   -42.897983   -290.478826 
438.480816   -42.897983   -290.478826 
438.480816   -42.897983   -290.478826 
438.480816   -42.897983   -290.478826 
438.480816   -42.897983   -290.478826 
438.480816   -42.897983   -290.478826 
438.480816   -42.897983   -290.478826 
438.480816   -42.897983   -290.478826 
438.480816   -42.897983   -290.478826 
438.480816   -42.897983   -290.478826 
438.480816   -42.897983   -290.478826 
438.480816   -42.897983   -290.478826 
438.480816   -42.897983   -290.478826 
438.480816   -42.897983   -290.478826 
438.480816   -42.897983   -290.478826 
438.480816   -42.897983   -290.478826 
438.480816   -42.897983   -290.478826 
438.333026   -42.897983   -290.478826 
438.167512   -42.897983   -290.478826 
437.978771   -42.897983   -290.478826 
437.765758   -42.897983   -290.478826 
437.539440   -42.897983   -290.478826 
437.313149   -42.897983   -290.478826 
437.086244   -42.897983   -290.478826 
436.859589   -42.897983   -290.478826 
436.615875   -42.937151   -290.478826 
436.372181   -42.976328   -290.478826 
436.084142   -43.021034   -290.478826 
435.738176   -43.072865   -290.478826 
435.425857   -43.121054   -290.478826 
435.125418   -43.167645   -290.478826 
434.776396   -43.219565   -290.478826 
434.427365   -43.271431   -290.478826 
434.088718   -43.322741   -290.478826 
433.755547   -43.373831   -290.478826 
433.418890   -43.425789   -290.478826 
433.069328   -43.478694   -290.478826 
432.729098   -43.529754   -290.478826 
432.388950   -43.580739   -290.478826 
432.037904   -43.634310   -290.478826 
431.663986   -43.691128   -290.478826 
431.297208   -43.746791   -290.478826 
430.930614   -43.801633   -290.478826 
430.540812   -43.859577   -290.478826 
430.161198   -43.916765   -290.478826 
429.782073   -43.973263   -290.478826 
429.403019   -44.029661   -290.478826 
429.031910   -44.085882   -290.478826 
428.645412   -44.143672   -290.478826 
428.218151   -44.008285   -290.478826 
427.820669   -44.066398   -290.478826 
427.423309   -44.124696   -290.478826 
426.998139   -43.967259   -290.478826 
426.568219   -43.773659   -290.478826 
426.133929   -43.590149   -290.478826 
425.692002   -43.398838   -290.478826 
425.262583   -43.198657   -290.478826 
424.819465   -43.011330   -290.478826 
424.376498   -42.824181   -290.478826 
423.916082   -42.659472   -290.478826 
423.484449   -42.436319   -290.478826 
423.060185   -42.185099   -290.478826 
422.627547   -41.940434   -290.478826 
422.187797   -41.730191   -290.478826 
421.711409   -41.495290   -290.478826 
421.235175   -41.260433   -290.478826 
420.697387   -41.016756   -290.478826 
420.201014   -40.810694   -290.478826 
419.720649   -40.598832   -290.478826 
419.245936   -40.419206   -290.478826 
418.770086   -40.265635   -290.478826 
418.322740   -40.087307   -290.478826 
417.875599   -39.908987   -290.478826 
417.419493   -39.682393   -290.478826 
416.987246   -39.460406   -290.478826 
416.521853   -39.253202   -290.478826 
416.013098   -39.060156   -290.478826 
415.504462   -38.867135   -290.478826 
415.031699   -38.637212   -290.478826 
414.603916   -38.382207   -290.885949 
414.144743   -38.136271   -290.886356 
413.698502   -37.850564   -290.886356 
413.234202   -37.537562   -290.886356 
412.782585   -37.210279   -290.886356 
412.331297   -36.882847   -290.886356 
411.829139   -36.560787   -290.886356 
411.343422   -36.286057   -290.886356 
410.897353   -35.990784   -290.886356 
410.451624   -35.695373   -290.886356 
410.018010   -35.407677   -290.886356 
409.537362   -35.139272   -290.886356 
409.082856   -34.884720   -290.886356 
408.658787   -34.616312   -290.886356 
408.251783   -34.358942   -290.886356 
407.842605   -34.143610   -290.886356 
407.421322   -33.916921   -290.886356 
407.004300   -33.700885   -290.886356 
406.592196   -33.484586   -290.886356 
406.209874   -33.298096   -290.886356 
405.771572   -33.122844   -290.886356 
405.333363   -32.947633   -290.886356 
404.878054   -32.785061   -290.886356 
404.386635   -32.828429   -290.886356 
403.870179   -32.664696   -290.886356 
403.389674   -32.473873   -290.886356 
402.924544   -32.513219   -290.886356 
402.446859   -32.553409   -290.886356 
401.924880   -32.377355   -290.886356 
401.433432   -32.176024   -290.886356 
400.958491   -32.214202   -290.886356 
400.501353   -32.214261   -290.886356 
400.072198   -32.214261   -290.886356 
399.617520   -32.214261   -290.886356 
399.162965   -32.214261   -290.886356 
398.728498   -32.214261   -290.886356 
398.275346   -32.214261   -290.886356 
397.783593   -32.252871   -290.886356 
397.300939   -32.291581   -290.886356 
396.842204   -32.291640   -290.886356 
396.357191   -32.291640   -290.886356 
395.879543   -32.291640   -290.886356 
395.448009   -32.291640   -290.886356 
394.958276   -32.330270   -290.886356 
394.451871   -32.369894   -290.886356 
393.942197   -32.409860   -290.886356 
393.432731   -32.449634   -290.886356 
392.939132   -32.449695   -290.886356 
392.411844   -32.489479   -290.886356 
391.915463   -32.489540   -290.886356 
391.409649   -32.489540   -290.886356 
390.887039   -32.529138   -290.886356 
390.346333   -32.569010   -290.886356 
389.805861   -32.608623   -290.886356 
389.288337   -32.608683   -290.886356 
388.798189   -32.608684   -290.886356 
388.287356   -32.608684   -290.886356 
387.800546   -32.608684   -290.886356 
387.314016   -32.608684   -290.886356 
386.849665   -32.608684   -290.886356 
386.350012   -32.608684   -290.886356 
385.864336   -32.608684   -290.886356 
385.385195   -32.608684   -290.886356 
384.872378   -32.608684   -291.304990 
384.356413   -32.608684   -291.305408 
383.840703   -32.608684   -291.305408 
383.362914   -32.608684   -291.305408 
382.887668   -32.608684   -291.305408 
382.413962   -32.608684   -291.305408 
381.947153   -32.608684   -291.305408 
381.480609   -32.608684   -291.305408 
381.019002   -32.608684   -291.305408 
380.564125   -32.608684   -291.305408 
380.134739   -32.608684   -291.305408 
379.669715   -32.440895   -291.305408 
379.204913   -32.272629   -291.305408 
378.701709   -32.111643   -291.305408 
378.256367   -32.111395   -291.305408 
377.814863   -32.111395   -291.305408 
377.383359   -32.111395   -291.305408 
376.952430   -32.111395   -291.305408 
376.483269   -32.111395   -291.305408 
376.014322   -32.111395   -291.305408 
375.552933   -32.111395   -291.305408 
375.051258   -32.111395   -291.305408 
374.567477   -32.111395   -291.305408 
374.119773   -32.111395   -291.305408 
373.674636   -32.111395   -291.305408 
373.196771   -32.111395   -291.305408 
372.727874   -32.111395   -291.305408 
372.259284   -32.111395   -291.305408 
371.837509   -32.111395   -291.305408 
371.398077   -32.111395   -291.305408 
370.970858   -32.111395   -291.305408 
370.515741   -32.111395   -291.305408 
370.060865   -32.111395   -291.305408 
369.604890   -32.111395   -291.305408 
369.143734   -32.111395   -291.305408 
368.721075   -32.111395   -291.305408 
368.281593   -32.111395   -291.305408 
367.860978   -32.111395   -291.305408 
367.462647   -32.111395   -291.305408 
367.064608   -32.111395   -291.305408 
366.649533   -32.111395   -291.305408 
366.276448   -32.111395   -291.305408 
365.931508   -32.111395   -291.305408 
365.528789   -31.926030   -291.305408 
365.126253   -31.740059   -291.305408 
364.754256   -31.518951   -291.305408 
364.404726   -31.518611   -291.305408 
364.067297   -31.518610   -291.305408 
363.746083   -31.518610   -291.305408 
363.405643   -31.518610   -291.305408 
363.044043   -31.335390   -291.305408 
362.682662   -31.151570   -291.305408 
362.328547   -31.151288   -291.305408 
361.975930   -31.151287   -291.305408 
361.651160   -31.151287   -291.305408 
361.300535   -31.151287   -291.305408 
360.944051   -31.151287   -291.305408 
360.586716   -31.151287   -291.305408 
360.244248   -31.151287   -291.305408 
359.900895   -31.151287   -291.305408 
359.565306   -31.151287   -291.305408 
359.249655   -31.151287   -291.305408 
358.935047   -31.151287   -291.305408 
358.620647   -31.151287   -291.305408 
358.316412   -31.151287   -291.305408 
358.016595   -31.151287   -291.305408 
357.738201   -31.151287   -291.305408 
357.458846   -31.151287   -291.305408 
357.179681   -31.151287   -291.305408 
356.986647   -31.151287   -291.305408 
356.831090   -31.151287   -291.305408 
356.830841   -31.151287   -291.305408 
356.830841   -31.151287   -291.305408 
356.693409   -31.151287   -291.305408 
356.555836   -31.151287   -291.305408 
356.410355   -31.151287   -291.305408 
356.276664   -31.151287   -291.305408 
356.276451   -31.151287   -291.305408 
356.276450   -31.151287   -291.305408 
356.276450   -31.151287   -291.305408 
356.276450   -31.151287   -291.305408 
356.276450   -31.151287   -291.305408 
356.276450   -31.151287   -291.305408 
356.276450   -31.151287   -291.305408 
356.276450   -31.151287   -291.305408 
356.107866   -31.151287   -291.305408 
356.107597   -31.151287   -291.305408 
355.776837   -31.202984   -291.305408 
355.445500   -31.254990   -291.305408 
355.181435   -31.302836   -291.305408 
354.891037   -31.357873   -291.305408 
354.566798   -31.419630   -291.305408 
354.266960   -31.481144   -291.305408 
353.913798   -31.552726   -291.305408 
353.543840   -31.628953   -291.305408 
353.173681   -31.705686   -291.305408 
352.794874   -31.784601   -291.305408 
352.396342   -31.868564   -291.305408 
351.986894   -31.955622   -291.305408 
351.555969   -32.048223   -291.305408 
351.101888   -32.147987   -291.305408 
350.690610   -32.244271   -291.305408 
350.257379   -32.344251   -291.305408 
349.829455   -32.445993   -291.305408 
349.420271   -32.548158   -290.797341 
348.990554   -32.656335   -290.262875 
348.552018   -32.768624   -289.708991 
348.117831   -32.881428   -289.154743 
347.715795   -32.992434   -288.593717 
347.319337   -33.104280   -288.028052 
346.905806   -33.219719   -287.455896 
346.514199   -33.334567   -286.876372 
346.140462   -33.448962   -286.291819 
345.765561   -33.564518   -285.706295 
345.399814   -33.680335   -285.117778 
345.070050   -33.793783   -284.522861 
344.790799   -33.898889   -283.954491 
344.534909   -34.000947   -283.394366 
344.312536   -34.099065   -282.839811 
344.118962   -34.194084   -282.287889 
343.930026   -34.289116   -281.735715 
343.929724   -34.365251   -281.184856 
343.929724   -34.440889   -280.635782 
343.929724   -34.515285   -280.094101 
343.745512   -34.608376   -279.560772 
343.565354   -34.701499   -279.027214 
343.372637   -34.801124   -278.460124 
343.372329   -34.880281   -277.884013 
343.372329   -34.960479   -277.298134 
343.199730   -35.062122   -276.706157 
343.032091   -35.163742   -276.113923 
342.824589   -35.269587   -275.529343 
342.583628   -35.151955   -274.963594 
342.301448   -34.905399   -274.411821 
341.996927   -34.596834   -273.872365 
341.699454   -34.303706   -273.326482 
341.375577   -34.077766   -272.772657 
341.055832   -33.850920   -272.218561 
340.720949   -33.611696   -271.670043 
340.340930   -33.327020   -271.126548 
339.925274   -32.970801   -270.595238 
339.448182   -32.549830   -270.057909 
338.918195   -32.123010   -269.500609 
338.402835   -31.616968   -268.965150 
337.850772   -31.058933   -268.435675 
337.310221   -30.564513   -267.906569 
336.760340   -30.163419   -267.380495 
336.216004   -29.784581   -266.849625 
335.664207   -29.376007   -266.317309 
335.066786   -28.913585   -265.785912 
334.472741   -28.448607   -265.254225 
333.901089   -27.949940   -264.723211 
333.343342   -27.482606   -264.201678 
332.811416   -26.996955   -263.686540 
332.238069   -26.443791   -263.182857 
331.706590   -26.177620   -262.674302 
331.224216   -25.812392   -262.159097 
330.632766   -25.145298   -261.643791 
330.015146   -24.380598   -261.643277 
329.436217   -23.601331   -261.643276 
328.845385   -22.936617   -261.643276 
328.305315   -22.413079   -261.643276 
327.764485   -21.886632   -261.643276 
327.203815   -21.449507   -261.643276 
326.655298   -21.201250   -261.643276 
326.051020   -20.618353   -261.643276 
325.445700   -20.031068   -261.643276 
324.760431   -19.150933   -261.643276 
324.000591   -18.143751   -261.643276 
323.319400   -17.235668   -261.643276 
322.668602   -16.530314   -261.643276 
322.006210   -15.942858   -261.643276 
321.320922   -15.455976   -261.643276 
320.730564   -15.231766   -261.643276 
320.054044   -14.683816   -261.643276 
319.287607   -13.741683   -261.643276 
318.473074   -12.652334   -261.643276 
317.710055   -11.618408   -261.643276 
316.969045   -10.792252   -261.643276 
316.227730   -9.959442   -261.643276 
315.485368   -9.361934   -261.643276 
314.762005   -9.036711   -261.643276 
314.112942   -8.873038   -261.643276 
313.348707   -8.508017   -261.643276 
312.535742   -7.739220   -261.643276 
311.664354   -6.770246   -261.643276 
310.792536   -5.791200   -261.643276 
309.905459   -4.884961   -261.643276 
309.130831   -4.458837   -261.643276 